[gd_scene load_steps=14 format=2]

[ext_resource path="res://Hand.gd" type="Script" id=1]
[ext_resource path="res://weapons/kenney_blasterkit/Models/OBJ format/blasterF.obj" type="ArrayMesh" id=2]
[ext_resource path="res://weapons/kenney_blasterkit/Models/OBJ format/blasterG.obj" type="ArrayMesh" id=3]
[ext_resource path="res://weapons/New Piskel-1.png (2).png" type="Texture" id=4]

[sub_resource type="BoxShape" id=4]
extents = Vector3( 1.33328, 0.883911, 1.43265 )

[sub_resource type="SpatialMaterial" id=5]
albedo_color = Color( 1, 0.85098, 0.85098, 1 )

[sub_resource type="CubeMesh" id=6]
material = SubResource( 5 )
size = Vector3( 0.1, 2, 0.1 )

[sub_resource type="SpatialMaterial" id=7]
albedo_color = Color( 0.494118, 0.305882, 0.0431373, 1 )

[sub_resource type="CubeMesh" id=8]
material = SubResource( 7 )
size = Vector3( 0.15, 0.6, 0.15 )

[sub_resource type="SpatialMaterial" id=9]
albedo_color = Color( 1, 0.85098, 0.85098, 1 )

[sub_resource type="CubeMesh" id=10]
material = SubResource( 9 )
size = Vector3( 0.1, 0.4, 0.1 )

[sub_resource type="SpatialMaterial" id=11]
albedo_color = Color( 0, 0, 0, 1 )

[sub_resource type="PrismMesh" id=12]
material = SubResource( 11 )
size = Vector3( 0.6, 0.1, 0.4 )

[node name="Head" type="Spatial"]
transform = Transform( 1, 0, 0, 0, 1, 0, 0, 0, 1, 0, 1.53627, 0 )

[node name="Camera" type="Camera" parent="."]
transform = Transform( 1, 0, 0, 0, 1, 0, 0, 0, 1, 0, -0.430803, -0.182279 )

[node name="AimCast" type="RayCast" parent="Camera"]
enabled = true
cast_to = Vector3( 0, 0, -1000 )
collision_mask = 3

[node name="crosshair" type="TextureRect" parent="Camera"]
margin_left = 496.0
margin_top = 284.0
margin_right = 528.0
margin_bottom = 316.0
texture = ExtResource( 4 )
expand = true
__meta__ = {
"_edit_group_": true,
"_edit_use_anchors_": false
}

[node name="Hitbox" type="Area" parent="Camera" groups=[
"Sword",
]]
transform = Transform( 1, 0, 0, 0, 1, 0, 0, 0, 1, 0, 0, -3.153 )
collision_layer = 0
collision_mask = 2147483648

[node name="CollisionShape" type="CollisionShape" parent="Camera/Hitbox"]
transform = Transform( 1, 0, 0, 0, 1, 0, 0, 0, 1, 0, 0, 1 )
shape = SubResource( 4 )

[node name="MeleeWeapon" type="Spatial" parent="Camera"]
transform = Transform( 1, 0, 0, 0, 0.994324, 0.106386, 0, -0.106386, 0.994324, 0.62463, -1.44656, -2 )

[node name="blade" type="MeshInstance" parent="Camera/MeleeWeapon"]
transform = Transform( 1, 0, 0, 0, 1, 0, 0, 0, 1, 0, 1, 0 )
mesh = SubResource( 6 )
material/0 = null

[node name="handle" type="MeshInstance" parent="Camera/MeleeWeapon/blade"]
transform = Transform( 1, 0, 0, 0, 1, 0, 0, 0, 1, 0, -0.795031, 0 )
mesh = SubResource( 8 )
material/0 = null

[node name="curve" type="MeshInstance" parent="Camera/MeleeWeapon/blade/handle"]
transform = Transform( 1, 0, 0, 0, 0.91826, -0.395978, 0, 0.395978, 0.91826, 0, 1.95463, 0.0742396 )
mesh = SubResource( 10 )
material/0 = null

[node name="thing" type="MeshInstance" parent="Camera/MeleeWeapon/blade/handle/curve"]
transform = Transform( 1, 0, 0, 0, 0.925778, 0.378067, 0, -0.378067, 0.925778, 0, -1.61323, 0.595633 )
mesh = SubResource( 12 )
material/0 = null

[node name="Hand" type="Spatial" parent="Camera"]
transform = Transform( 1, 0, 0, 0, 1, 0, 0, 0, 1, 0.353312, -0.32733, -1.36045 )
script = ExtResource( 1 )
camera_path = NodePath("..")
default_position = Vector3( 0.654, -0.443, -0.61 )
ads_position = Vector3( 0.353, -0.327, -0.61 )

[node name="Sniper" type="MeshInstance" parent="Camera/Hand"]
transform = Transform( 1, 0, 0, 0, 1, 0, 0, 0, 1, -0.348558, 0.0666993, 0.0301182 )
mesh = ExtResource( 2 )
material/0 = null
material/1 = null
material/2 = null
material/3 = null
material/4 = null

[node name="Muzzle2" type="Spatial" parent="Camera/Hand/Sniper"]
transform = Transform( 1, 7.75471e-09, 3.74343e-09, 1.68184e-10, 1, -1.05984e-09, 3.78629e-09, 2.88283e-09, 1, -0.00443612, 0.0529147, -1.88671 )

[node name="Gun" type="MeshInstance" parent="."]
transform = Transform( 0.999996, -0.000405251, 0.00256854, 0.000546624, 0.998471, -0.055281, -0.0025422, 0.0552816, 0.998468, 0.345, -0.792, -1 )
mesh = ExtResource( 3 )
material/0 = null
material/1 = null
material/2 = null
material/3 = null

[node name="Muzzle" type="Spatial" parent="Gun"]
transform = Transform( -0.96748, -0.252943, 0.00256876, 0.25024, -0.955557, 0.155848, -0.0369661, 0.151423, 0.987779, -0.00966755, -0.00125812, -2.28156 )
